62 2 1
62 5 1
62 8 1
62 16 1
62 22 1
62 26 1
62 27 1
62 32 1
62 36 1
62 54 1
62 60 1
62 72 1
62 81 1
62 83 1
62 84 1
62 91 1
62 93 1
62 95 1
62 96 1
62 97 1
62 106 1
62 108 1
62 110 1
62 121 1
62 128 1
62 109 1
62 132 1
62 133 1
62 151 1
62 157 1
62 162 1
62 172 1
62 175 1
62 179 1
62 182 1
62 187 1
62 190 1
62 191 1
36 2 1
36 8 1
36 59 1
36 72 1
36 88 1
36 93 1
36 94 1
36 95 1
36 96 1
36 107 1
36 110 1
36 145 1
36 151 1
36 154 1
36 157 1
36 190 1
36 191 1
115 2 1
115 8 1
84 8 1
84 81 1
84 110 1
84 182 1
84 187 1
84 191 1
124 163 1
124 190 1
157 2 1
157 5 1
157 26 1
157 36 1
157 54 1
157 66 1
157 96 1
157 110 1
157 182 1
157 190 1
157 191 1
157 62 1
103 2 1
103 88 1
103 185 1
103 191 1
103 36 1
5 190 1
5 191 1
5 157 1
5 88 1
5 84 1
5 2 1
22 191 1
22 5 1
22 10 1
22 2 1
31 180 1
31 108 1
31 5 1
31 2 1
31 191 1
31 36 1
193 113 1
193 105 1
193 8 1
193 2 1
194 1 1
194 2 1
194 81 1
194 103 1
194 124 1
194 128 1
195 12 1
195 132 1
195 133 1
196 2 1
196 30 1
196 97 1
196 109 1
8 18 1
8 27 1
8 46 1
8 103 1
8 115 1
8 191 1
192 2 1
192 8 1
192 72 1
192 191 1
192 62 1
197 138 1
51 2 1
51 96 1
51 191 1
158 2 1
158 8 1
158 15 1
158 83 1
158 89 1
158 152 1
158 159 1
158 160 1
158 191 1
198 2 1
198 5 1
198 8 1
198 10 1
198 96 1
198 97 1
191 2 1
191 5 1
191 9 1
191 16 1
191 20 1
191 26 1
191 27 1
191 31 1
191 32 1
191 36 1
191 42 1
191 50 1
191 54 1
191 60 1
191 66 1
191 84 1
191 93 1
191 95 1
191 100 1
191 137 1
191 149 1
191 157 1
191 172 1
191 180 1
191 182 1
191 187 1
191 62 1
191 192 1
81 5 1
81 16 1
81 20 1
81 60 1
81 72 1
81 84 1
81 90 1
81 95 1
81 96 1
81 97 1
81 106 1
81 108 1
81 110 1
81 128 1
81 109 1
81 133 1
81 172 1
81 182 1
81 191 1
200 4 1
200 10 1
200 103 1