62 2 1
62 5 1
62 16 1
62 20 1
62 36 1
62 60 1
62 72 1
62 83 1
62 84 1
62 96 1
62 103 1
62 106 1
62 108 1
62 110 1
62 121 1
62 128 1
62 132 1
62 133 1
62 151 1
62 157 1
62 162 1
62 172 1
62 175 1
62 179 1
62 182 1
62 187 1
62 190 1
62 191 1
36 2 1
36 5 1
36 103 1
36 157 1
36 190 1
36 191 1
115 2 1
84 5 1
84 8 1
84 72 1
84 81 1
84 95 1
84 110 1
84 187 1
84 191 1
139 103 1
157 2 1
157 3 1
157 5 1
157 16 1
157 26 1
157 31 1
157 32 1
157 36 1
157 45 1
157 54 1
157 84 1
157 96 1
157 103 1
157 108 1
157 110 1
157 109 1
157 153 1
157 154 1
157 190 1
157 191 1
157 62 1
103 36 1
103 109 1
103 187 1
103 191 1
5 190 1
5 110 1
5 191 1
5 157 1
5 182 1
5 106 1
5 103 1
5 84 1
5 110 1
5 108 1
5 36 1
5 31 1
5 88 1
5 2 1
22 107 1
31 190 1
31 191 1
31 110 1
31 95 1
31 93 1
31 108 1
31 103 1
31 96 1
31 5 1
31 66 1
31 62 1
31 36 1
31 8 1
31 2 1
193 116 1
193 109 1
193 7 1
194 58 1
194 81 1
194 103 1
194 123 1
195 2 1
195 4 1
195 5 1
195 8 1
195 10 1
195 12 1
195 14 1
195 15 1
195 16 1
195 26 1
195 32 1
195 36 1
195 50 1
195 81 1
195 84 1
195 88 1
195 103 1
195 108 1
195 109 1
195 110 1
195 113 1
195 125 1
195 132 1
195 133 1
195 145 1
195 151 1
195 154 1
195 159 1
195 161 1
195 162 1
195 182 1
195 185 1
195 191 1
196 5 1
196 30 1
196 60 1
196 72 1
196 109 1
196 151 1
196 2 1
8 18 1
8 106 1
8 115 1
192 2 1
192 60 1
192 72 1
192 191 1
197 138 1
158 2 1
158 4 1
158 8 1
158 159 1
158 160 1
158 191 1
191 2 1
191 5 1
191 20 1
191 24 1
191 27 1
191 31 1
191 36 1
191 42 1
191 54 1
191 60 1
191 66 1
191 77 1
191 84 1
191 89 1
191 93 1
191 95 1
191 97 1
191 134 1
191 136 1
191 137 1
191 149 1
191 154 1
191 157 1
191 180 1
191 182 1
191 187 1
191 192 1
191 62 1
199 44 1
81 20 1
81 36 1
81 84 1
81 91 1
81 95 1
81 106 1
81 110 1
81 128 1
81 191 1
200 8 1
200 23 1
200 106 1