62 36 1
62 60 1
62 72 1
62 191 1
36 2 1
36 5 1
36 103 1
36 157 1
36 190 1
36 191 1
84 81 1
84 191 1
157 5 1
157 36 1
157 190 1
157 191 1
103 182 1
103 185 1
103 190 1
103 191 1
5 190 1
5 2 1
22 191 1
22 2 1
31 190 1
31 191 1
31 180 1
31 95 1
31 182 1
31 108 1
31 103 1
31 93 1
31 5 1
31 66 1
31 62 1
31 36 1
31 8 1
31 2 1
193 3 1
193 108 1
193 115 1
193 118 1
195 191 1
196 2 1
196 109 1
196 8 1
196 30 1
196 151 1
8 18 1
192 191 1
197 2 1
197 114 1
197 138 1
158 2 1
158 15 1
158 83 1
158 191 1
198 1 1
198 2 1
191 182 1
81 20 1
81 84 1
81 95 1
81 106 1
200 4 1
200 102 1
200 109 1